{
  "records": [
    {
      "horizon_candles": 1,
      "inner_fold": null,
      "level": "outer",
      "outer_fold": 1,
      "parameter_sha256": "7226aad7fe6c9f8fb093730b7e37dd34e5f26473a7324e1d4f41e953ef09ed70",
      "parameters": {
        "configuration": {
          "covariance_floor": 1e-05,
          "kmeans_n_init": 10,
          "minimum_training_rows": 120,
          "random_state": 42,
          "transition_smoothing": 1.0
        },
        "covariance_eigenvalues": [
          [
            0.19384001208733498,
            0.3606534220870302,
            0.3987732725095703
          ],
          [
            0.5829036513124705,
            1.2971567079013,
            1.6014746646009588
          ],
          [
            0.6427569648055093,
            1.0424443134349188,
            1.3131502006947726
          ]
        ],
        "covariances": [
          [
            [
              0.37010532269110713,
              -0.012493666323401488,
              0.017322284467805694
            ],
            [
              -0.012493666323401488,
              0.19489975073572427,
              0.004566123176046682
            ],
            [
              0.017322284467805694,
              0.004566123176046682,
              0.388261633257104
            ]
          ],
          [
            [
              1.3002085706526825,
              0.098341888323333,
              -0.08498322580019421
            ],
            [
              0.098341888323333,
              0.609544106731879,
              0.10183479708064024
            ],
            [
              -0.08498322580019421,
              0.10183479708064024,
              1.5717823464301677
            ]
          ],
          [
            [
              1.1780687995700412,
              0.14529230044594868,
              -0.22619486818333512
            ],
            [
              0.14529230044594868,
              0.9718690350044012,
              0.11717708910559331
            ],
            [
              -0.22619486818333512,
              0.11717708910559331,
              0.848413644360758
            ]
          ]
        ],
        "fit_end_utc": "2021-10-01T08:00:00+00:00",
        "fit_start_utc": "2021-01-04T08:00:00+00:00",
        "initial_probabilities": [
          0.6557881773399015,
          0.13177339901477833,
          0.2124384236453202
        ],
        "last_train_probabilities": [
          0.5205261671271623,
          0.00011581146156567131,
          0.47935802141127226
        ],
        "location": [
          0.002641721351735782,
          0.16649805704149861,
          0.0026149840482707176
        ],
        "means": [
          [
            -0.1271444161740017,
            -0.5266027666506422,
            -0.23855574229800733
          ],
          [
            -0.958547729439826,
            1.5240274067391866,
            -0.6317634404811479
          ],
          [
            0.986780015057618,
            0.6851380990722008,
            1.1290375657778022
          ]
        ],
        "scale": [
          0.04001385398896458,
          0.07225890405651948,
          0.010295828747553621
        ],
        "state_inputs": [
          "sol_ret_1",
          "vol_20",
          "trend_12"
        ],
        "state_names": {
          "0": "range",
          "1": "stress",
          "2": "trend"
        },
        "training_rows": 1621,
        "transition_matrix": [
          [
            0.8809746954076851,
            0.02530459231490159,
            0.09372071227741331
          ],
          [
            0.14351851851851852,
            0.47685185185185186,
            0.37962962962962965
          ],
          [
            0.2774566473988439,
            0.24566473988439305,
            0.476878612716763
          ]
        ]
      }
    },
    {
      "horizon_candles": 1,
      "inner_fold": 1,
      "level": "inner",
      "outer_fold": 1,
      "parameter_sha256": "a9c48068d189db5f9ad6156c4c73fc578913faac96b6e6cc79b9bd83aa4e3f7f",
      "parameters": {
        "configuration": {
          "covariance_floor": 1e-05,
          "kmeans_n_init": 10,
          "minimum_training_rows": 120,
          "random_state": 42,
          "transition_smoothing": 1.0
        },
        "covariance_eigenvalues": [
          [
            0.2770262279232661,
            0.3779696423526893,
            0.4936905316772654
          ],
          [
            0.46635239412082263,
            0.8138691989453243,
            1.0486804122300102
          ],
          [
            0.5613948750364314,
            1.0696032995789142,
            1.650975669693872
          ]
        ],
        "covariances": [
          [
            [
              0.3802277877036558,
              0.008610252086503737,
              0.01632075312481038
            ],
            [
              0.008610252086503737,
              0.28130089940361014,
              0.02852989692460281
            ],
            [
              0.01632075312481038,
              0.02852989692460281,
              0.4871577148459549
            ]
          ],
          [
            [
              0.7922055187986236,
              0.07572379963867854,
              -0.0386927104887072
            ],
            [
              0.07572379963867854,
              0.653595263839352,
              0.25543264645211705
            ],
            [
              -0.0386927104887072,
              0.25543264645211705,
              0.8831012226581814
            ]
          ],
          [
            [
              1.5090066579630894,
              -0.015810488837287758,
              -0.27014093435511427
            ],
            [
              -0.015810488837287758,
              0.7317346961578266,
              0.2662536724662152
            ],
            [
              -0.27014093435511427,
              0.2662536724662152,
              1.0412324901883012
            ]
          ]
        ],
        "fit_end_utc": "2021-03-10T04:00:00+00:00",
        "fit_start_utc": "2021-01-04T08:00:00+00:00",
        "initial_probabilities": [
          0.6564885496183206,
          0.17048346055979643,
          0.17302798982188294
        ],
        "last_train_probabilities": [
          0.998357077900848,
          3.833579474571091e-05,
          0.001604586304406306
        ],
        "location": [
          0.004937508671914671,
          0.1998059870010824,
          0.004998452720529587
        ],
        "means": [
          [
            -0.03661116936732237,
            -0.5487122513161483,
            -0.19622720767017793
          ],
          [
            -0.9650703235031141,
            1.1091076239994269,
            -0.5377481949723144
          ],
          [
            1.0911001772926479,
            1.0122081403625065,
            1.2824145259613202
          ]
        ],
        "scale": [
          0.046185168032003975,
          0.07578191523443206,
          0.011728185558200467
        ],
        "state_inputs": [
          "sol_ret_1",
          "vol_20",
          "trend_12"
        ],
        "state_names": {
          "0": "range",
          "1": "stress",
          "2": "trend"
        },
        "training_rows": 390,
        "transition_matrix": [
          [
            0.8571428571428571,
            0.0694980694980695,
            0.07335907335907337
          ],
          [
            0.3188405797101449,
            0.4057971014492754,
            0.2753623188405797
          ],
          [
            0.22857142857142856,
            0.3142857142857143,
            0.45714285714285713
          ]
        ]
      }
    },
    {
      "horizon_candles": 1,
      "inner_fold": 2,
      "level": "inner",
      "outer_fold": 1,
      "parameter_sha256": "05ab1b4d6c1b7a8f98ee93c78c73c41ff253c0df405c54b5577780428e3cb436",
      "parameters": {
        "configuration": {
          "covariance_floor": 1e-05,
          "kmeans_n_init": 10,
          "minimum_training_rows": 120,
          "random_state": 42,
          "transition_smoothing": 1.0
        },
        "covariance_eigenvalues": [
          [
            0.21038173857444956,
            0.34619284248811827,
            0.5078414040846857
          ],
          [
            0.5840248711480354,
            0.7305482764578012,
            1.1637055590169778
          ],
          [
            0.5209444806557086,
            1.1743099230876695,
            1.3808411696684724
          ]
        ],
        "covariances": [
          [
            [
              0.42141766708040634,
              -0.009055961458738385,
              0.0842328898937673
            ],
            [
              -0.009055961458738385,
              0.24463921882338174,
              -0.07591871310371699
            ],
            [
              0.0842328898937673,
              -0.07591871310371699,
              0.39835909924346513
            ]
          ],
          [
            [
              0.6154033686930798,
              -0.08161625018617163,
              0.08636800186216924
            ],
            [
              -0.08161625018617163,
              0.8096266863121254,
              -0.16912388187342736
            ],
            [
              0.08636800186216924,
              -0.16912388187342736,
              1.053248651617609
            ]
          ],
          [
            [
              1.0643874818915269,
              0.3061751845878227,
              -0.14162944308370207
            ],
            [
              0.3061751845878227,
              1.0051660631449713,
              0.2941926381100663
            ],
            [
              -0.14162944308370207,
              0.2941926381100663,
              1.0065420283753514
            ]
          ]
        ],
        "fit_end_utc": "2021-05-17T12:00:00+00:00",
        "fit_start_utc": "2021-01-04T08:00:00+00:00",
        "initial_probabilities": [
          0.6550435865504358,
          0.1843088418430884,
          0.16064757160647572
        ],
        "last_train_probabilities": [
          5.7420646076522274e-05,
          0.9712661206926123,
          0.02867645866131106
        ],
        "location": [
          0.003915886596836257,
          0.17320331350910073,
          0.003928959804163103
        ],
        "means": [
          [
            -0.12939305957290553,
            -0.5185902789460698,
            -0.4233761002166426
          ],
          [
            -0.7729910045857693,
            1.2095410397737634,
            0.47109570999530304
          ],
          [
            1.4184455777334655,
            0.7379481531245582,
            1.1954795565970924
          ]
        ],
        "scale": [
          0.041707791560018886,
          0.0758548778144034,
          0.010000126935183434
        ],
        "state_inputs": [
          "sol_ret_1",
          "vol_20",
          "trend_12"
        ],
        "state_names": {
          "0": "range",
          "1": "stress",
          "2": "trend"
        },
        "training_rows": 800,
        "transition_matrix": [
          [
            0.9090909090909091,
            0.01893939393939394,
            0.07196969696969698
          ],
          [
            0.1342281879194631,
            0.4563758389261745,
            0.40939597315436244
          ],
          [
            0.21374045801526717,
            0.5419847328244275,
            0.24427480916030533
          ]
        ]
      }
    },
    {
      "horizon_candles": 1,
      "inner_fold": 3,
      "level": "inner",
      "outer_fold": 1,
      "parameter_sha256": "7671ac703970c2d02feda695fe01e8eaaa629ccb0b366f14cc16cd273ab720a0",
      "parameters": {
        "configuration": {
          "covariance_floor": 1e-05,
          "kmeans_n_init": 10,
          "minimum_training_rows": 120,
          "random_state": 42,
          "transition_smoothing": 1.0
        },
        "covariance_eigenvalues": [
          [
            0.19287953898890692,
            0.3516567456849547,
            0.40800778444293023
          ],
          [
            0.6119143988117184,
            1.240622505090193,
            1.4601499781952185
          ],
          [
            0.6913176851165637,
            0.9385214237571393,
            1.431707393210296
          ]
        ],
        "covariances": [
          [
            [
              0.3546040964784685,
              -0.0012519488451104084,
              0.013399864307198259
            ],
            [
              -0.0012519488451104084,
              0.20378407751016875,
              0.046595079586541764
            ],
            [
              0.013399864307198259,
              0.046595079586541764,
              0.39415589512815463
            ]
          ],
          [
            [
              1.2534051094453076,
              0.10574210603915785,
              -0.10515152665394857
            ],
            [
              0.10574210603915785,
              0.6639443068886698,
              0.1454851589382045
            ],
            [
              -0.10515152665394857,
              0.1454851589382045,
              1.3953374657631517
            ]
          ],
          [
            [
              1.2986438460757714,
              0.0455130686205484,
              -0.259411849310313
            ],
            [
              0.0455130686205484,
              0.837962504982378,
              0.11319339366064543
            ],
            [
              -0.259411849310313,
              0.11319339366064543,
              0.9249401510258491
            ]
          ]
        ],
        "fit_end_utc": "2021-07-24T20:00:00+00:00",
        "fit_start_utc": "2021-01-04T08:00:00+00:00",
        "initial_probabilities": [
          0.6677658697444353,
          0.14509480626545754,
          0.18713932399010716
        ],
        "last_train_probabilities": [
          0.9984450563300805,
          8.126421903924723e-05,
          0.0014736794508802714
        ],
        "location": [
          0.002152116105436498,
          0.17369388543317874,
          0.002180701621993902
        ],
        "means": [
          [
            -0.0696131208458534,
            -0.5464739116542349,
            -0.1469075178859173
          ],
          [
            -0.9965001387508783,
            1.3013962970439676,
            -0.8213864682273103
          ],
          [
            1.020816544449996,
            0.9484647900247001,
            1.1619062562366644
          ]
        ],
        "scale": [
          0.04177536082158375,
          0.07741260587440085,
          0.010563646327988006
        ],
        "state_inputs": [
          "sol_ret_1",
          "vol_20",
          "trend_12"
        ],
        "state_names": {
          "0": "range",
          "1": "stress",
          "2": "trend"
        },
        "training_rows": 1210,
        "transition_matrix": [
          [
            0.8840937114673243,
            0.036991368680641186,
            0.07891491985203453
          ],
          [
            0.17415730337078653,
            0.46629213483146065,
            0.3595505617977528
          ],
          [
            0.2794759825327511,
            0.2794759825327511,
            0.4410480349344978
          ]
        ]
      }
    },
    {
      "horizon_candles": 1,
      "inner_fold": null,
      "level": "outer",
      "outer_fold": 2,
      "parameter_sha256": "c08ed0d091acdea10a0d883ff1713d4ea90cf10303c690606b896131248235d6",
      "parameters": {
        "configuration": {
          "covariance_floor": 1e-05,
          "kmeans_n_init": 10,
          "minimum_training_rows": 120,
          "random_state": 42,
          "transition_smoothing": 1.0
        },
        "covariance_eigenvalues": [
          [
            0.9619290884706574,
            1.3083951510443776,
            1.493197402707746
          ],
          [
            0.8651555922917176,
            1.1650726339969406,
            1.5097152953975956
          ],
          [
            0.19210446037216394,
            0.3364059859786735,
            0.38159057914021643
          ]
        ],
        "covariances": [
          [
            [
              1.057562199738816,
              0.10394180930830654,
              -0.12381403723756382
            ],
            [
              0.10394180930830654,
              1.2910199128489142,
              0.11694486026373666
            ],
            [
              -0.12381403723756382,
              0.11694486026373666,
              1.414939529635051
            ]
          ],
          [
            [
              1.4286959971132465,
              0.09963582017082617,
              -0.18761593454999678
            ],
            [
              0.09963582017082617,
              1.1438758691721314,
              0.06871123448368491
            ],
            [
              -0.18761593454999678,
              0.06871123448368491,
              0.9673716554008764
            ]
          ],
          [
            [
              0.3341866266528701,
              0.0177574149572671,
              0.0009903056611667465
            ],
            [
              0.0177574149572671,
              0.194478681168888,
              -0.005291626710654221
            ],
            [
              0.0009903056611667465,
              -0.005291626710654221,
              0.3814357176692958
            ]
          ]
        ],
        "fit_end_utc": "2022-07-02T00:00:00+00:00",
        "fit_start_utc": "2021-01-04T08:00:00+00:00",
        "initial_probabilities": [
          0.12186160440906307,
          0.19687691365584814,
          0.6812614819350888
        ],
        "last_train_probabilities": [
          0.002380892415655787,
          0.0006816907505057688,
          0.9969374168338384
        ],
        "location": [
          0.0008338393901110054,
          0.13673435006920018,
          0.0008541135113221044
        ],
        "means": [
          [
            -1.2920718429988582,
            1.1044055793134722,
            -0.8720960680570858
          ],
          [
            0.9007243638513399,
            0.965472906001273,
            1.158534842421142
          ],
          [
            -0.02936714025270373,
            -0.47584650208645035,
            -0.17875774721929386
          ]
        ],
        "scale": [
          0.03358228317701905,
          0.06539902983111108,
          0.009064793282778753
        ],
        "state_inputs": [
          "sol_ret_1",
          "vol_20",
          "trend_12"
        ],
        "state_names": {
          "0": "stress",
          "1": "trend",
          "2": "range"
        },
        "training_rows": 3263,
        "transition_matrix": [
          [
            0.3675,
            0.315,
            0.3175
          ],
          [
            0.20155038759689922,
            0.5953488372093023,
            0.20310077519379846
          ],
          [
            0.05525606469002695,
            0.06019766397124888,
            0.8845462713387242
          ]
        ]
      }
    },
    {
      "horizon_candles": 1,
      "inner_fold": 1,
      "level": "inner",
      "outer_fold": 2,
      "parameter_sha256": "56467357a58ba2c9f24660ef101f1adfef9a8415daf51b3d755e798e1bb44794",
      "parameters": {
        "configuration": {
          "covariance_floor": 1e-05,
          "kmeans_n_init": 10,
          "minimum_training_rows": 120,
          "random_state": 42,
          "transition_smoothing": 1.0
        },
        "covariance_eigenvalues": [
          [
            0.5498361581527095,
            1.1524704347592696,
            1.5049870512912202
          ],
          [
            0.2153157469629825,
            0.377788954582004,
            0.41956806787501094
          ],
          [
            0.6167596410358241,
            0.7731855207288437,
            1.0908258958854118
          ]
        ],
        "covariances": [
          [
            [
              1.403286410304198,
              0.18374363439661948,
              -0.22935007595922974
            ],
            [
              0.18374363439661948,
              0.9245641109307383,
              0.2503156169831071
            ],
            [
              -0.22935007595922974,
              0.2503156169831071,
              0.8794431229682624
            ]
          ],
          [
            [
              0.39242488203322545,
              0.01850243331812354,
              0.02313788143626354
            ],
            [
              0.01850243331812354,
              0.2206367128875953,
              -0.022365012691863376
            ],
            [
              0.02313788143626354,
              -0.022365012691863376,
              0.3996111744991768
            ]
          ],
          [
            [
              0.7613351328037921,
              0.07356061825892567,
              0.043880300821005594
            ],
            [
              0.07356061825892567,
              0.6784756285137832,
              0.12222407132564381
            ],
            [
              0.043880300821005594,
              0.12222407132564381,
              1.0409602963325042
            ]
          ]
        ],
        "fit_end_utc": "2021-05-17T20:00:00+00:00",
        "fit_start_utc": "2021-01-04T08:00:00+00:00",
        "initial_probabilities": [
          0.19254658385093168,
          0.6633540372670808,
          0.14409937888198757
        ],
        "last_train_probabilities": [
          0.02572318392989376,
          0.0009569262955663601,
          0.9733198897745399
        ],
        "location": [
          0.003857867757898895,
          0.1733747486255988,
          0.003942238948068614
        ],
        "means": [
          [
            1.0431355351700828,
            0.8641441358940322,
            1.323390045466832
          ],
          [
            -0.0803222722679805,
            -0.5335628404581405,
            -0.3426793165024623
          ],
          [
            -1.0246182721509487,
            1.31574606118702,
            -0.18394775048765025
          ]
        ],
        "scale": [
          0.0417019955512194,
          0.07583784139653889,
          0.009992537543062957
        ],
        "state_inputs": [
          "sol_ret_1",
          "vol_20",
          "trend_12"
        ],
        "state_names": {
          "0": "trend",
          "1": "range",
          "2": "stress"
        },
        "training_rows": 802,
        "transition_matrix": [
          [
            0.4394904458598726,
            0.19745222929936307,
            0.3630573248407643
          ],
          [
            0.06343283582089553,
            0.8973880597014925,
            0.03917910447761194
          ],
          [
            0.46153846153846156,
            0.20512820512820512,
            0.3333333333333333
          ]
        ]
      }
    },
    {
      "horizon_candles": 1,
      "inner_fold": 2,
      "level": "inner",
      "outer_fold": 2,
      "parameter_sha256": "9fd7db72f555d24ef39000f36ec29bbc89b247d57d0ddb6e9b5b70871fd6feee",
      "parameters": {
        "configuration": {
          "covariance_floor": 1e-05,
          "kmeans_n_init": 10,
          "minimum_training_rows": 120,
          "random_state": 42,
          "transition_smoothing": 1.0
        },
        "covariance_eigenvalues": [
          [
            0.19373731411086292,
            0.36042377781782986,
            0.40028910482010327
          ],
          [
            0.5831076806572302,
            1.2976435639558117,
            1.6016045232958005
          ],
          [
            0.6428797585007434,
            1.0427252765177943,
            1.3136043536898407
          ]
        ],
        "covariances": [
          [
            [
              0.3704002767092924,
              -0.012573776022929483,
              0.018122742887713306
            ],
            [
              -0.012573776022929483,
              0.19480060101992763,
              0.004420131519546707
            ],
            [
              0.018122742887713306,
              0.004420131519546707,
              0.38924931901957605
            ]
          ],
          [
            [
              1.3007218688967608,
              0.0983786540196343,
              -0.08500249554610846
            ],
            [
              0.0983786540196343,
              0.6097592282386773,
              0.1018557569798923
            ],
            [
              -0.08500249554610846,
              0.1018557569798923,
              1.5718746707734044
            ]
          ],
          [
            [
              1.178533878925524,
              0.14534661883137096,
              -0.22624615733594095
            ],
            [
              0.14534661883137096,
              0.9722120310364472,
              0.11720120679475957
            ],
            [
              -0.22624615733594095,
              0.11720120679475957,
              0.8484634787464076
            ]
          ]
        ],
        "fit_end_utc": "2021-10-01T12:00:00+00:00",
        "fit_start_utc": "2021-01-04T08:00:00+00:00",
        "initial_probabilities": [
          0.656,
          0.1316923076923077,
          0.2123076923076923
        ],
        "last_train_probabilities": [
          0.7255617021309342,
          0.00033512425156636167,
          0.2741031736174993
        ],
        "location": [
          0.002656525783973334,
          0.16646891157313082,
          0.0026210235915376905
        ],
        "means": [
          [
            -0.12685656216669172,
            -0.5264121248852144,
            -0.2380319417993106
          ],
          [
            -0.9591069763498634,
            1.5246997377515994,
            -0.6323686129977384
          ],
          [
            0.986604722878044,
            0.6856624094815774,
            1.1284841063511168
          ]
        ],
        "scale": [
          0.04000595790213465,
          0.07224615634412002,
          0.010295526377507672
        ],
        "state_inputs": [
          "sol_ret_1",
          "vol_20",
          "trend_12"
        ],
        "state_names": {
          "0": "range",
          "1": "stress",
          "2": "trend"
        },
        "training_rows": 1622,
        "transition_matrix": [
          [
            0.8809746954076851,
            0.02530459231490159,
            0.09372071227741331
          ],
          [
            0.14351851851851852,
            0.47685185185185186,
            0.37962962962962965
          ],
          [
            0.27953890489913547,
            0.24495677233429394,
            0.4755043227665706
          ]
        ]
      }
    },
    {
      "horizon_candles": 1,
      "inner_fold": 3,
      "level": "inner",
      "outer_fold": 2,
      "parameter_sha256": "5bd93379113898ee51db52667237026ef5cc2b90485bce2b3dda9036db981160",
      "parameters": {
        "configuration": {
          "covariance_floor": 1e-05,
          "kmeans_n_init": 10,
          "minimum_training_rows": 120,
          "random_state": 42,
          "transition_smoothing": 1.0
        },
        "covariance_eigenvalues": [
          [
            0.19652583808932303,
            0.35508040474523805,
            0.36469535520619784
          ],
          [
            0.87881188254174,
            1.4035018144180962,
            1.6129207031204964
          ],
          [
            0.6738289173379891,
            1.1164708820209426,
            1.4357327601256926
          ]
        ],
        "covariances": [
          [
            [
              0.36376653266180586,
              0.005194219408378487,
              0.002813505840162762
            ],
            [
              0.005194219408378487,
              0.19696659520414084,
              -0.006578093394625278
            ],
            [
              0.002813505840162762,
              -0.006578093394625278,
              0.3555684701748121
            ]
          ],
          [
            [
              1.351407761558951,
              0.14320324116331018,
              -0.07472362204348866
            ],
            [
              0.14320324116331018,
              1.0102567437552004,
              0.21529170693087551
            ],
            [
              -0.07472362204348866,
              0.21529170693087551,
              1.5335698947661809
            ]
          ],
          [
            [
              1.3208925670448806,
              0.18557814586003485,
              -0.18338979181890963
            ],
            [
              0.18557814586003485,
              1.0605104766177218,
              0.1464588801047583
            ],
            [
              -0.18338979181890963,
              0.1464588801047583,
              0.8446295158220222
            ]
          ]
        ],
        "fit_end_utc": "2022-02-15T04:00:00+00:00",
        "fit_start_utc": "2021-01-04T08:00:00+00:00",
        "initial_probabilities": [
          0.6703476482617587,
          0.11983640081799592,
          0.2098159509202454
        ],
        "last_train_probabilities": [
          0.9894339800429852,
          0.00021846187068592498,
          0.010347558086328628
        ],
        "location": [
          0.0015868416457435366,
          0.1444202510360857,
          0.001582390630104283
        ],
        "means": [
          [
            -0.08747258295960053,
            -0.49093158175866025,
            -0.23165653698672317
          ],
          [
            -1.0923668199129166,
            1.429749062748887,
            -0.7768566410438527
          ],
          [
            0.9028343794968701,
            0.7551937589804876,
            1.1841709897833166
          ]
        ],
        "scale": [
          0.03537886452247892,
          0.06892434062023935,
          0.009442223597885628
        ],
        "state_inputs": [
          "sol_ret_1",
          "vol_20",
          "trend_12"
        ],
        "state_names": {
          "0": "range",
          "1": "stress",
          "2": "trend"
        },
        "training_rows": 2442,
        "transition_matrix": [
          [
            0.8926829268292683,
            0.031097560975609756,
            0.07621951219512195
          ],
          [
            0.2033898305084746,
            0.4542372881355932,
            0.3423728813559322
          ],
          [
            0.22718446601941747,
            0.21165048543689322,
            0.5611650485436893
          ]
        ]
      }
    },
    {
      "horizon_candles": 1,
      "inner_fold": null,
      "level": "outer",
      "outer_fold": 3,
      "parameter_sha256": "22d1ee3bd5d077f19cae3992b4b0ed79153c95e529b7eab7230f776cee3c514a",
      "parameters": {
        "configuration": {
          "covariance_floor": 1e-05,
          "kmeans_n_init": 10,
          "minimum_training_rows": 120,
          "random_state": 42,
          "transition_smoothing": 1.0
        },
        "covariance_eigenvalues": [
          [
            0.9411814061310095,
            1.2059373235937954,
            1.7216499888363805
          ],
          [
            0.22366379430188688,
            0.32537179590701015,
            0.35454730849781657
          ],
          [
            1.2665153111363787,
            1.5694692037059832,
            1.9138246435686916
          ]
        ],
        "covariances": [
          [
            [
              1.6074176889535128,
              0.10551425077380511,
              -0.253781775003898
            ],
            [
              0.10551425077380511,
              1.2041799665859148,
              0.028787008220604458
            ],
            [
              -0.253781775003898,
              0.028787008220604458,
              1.0571710630217577
            ]
          ],
          [
            [
              0.32361528750178414,
              0.013264429725492249,
              -7.675749815719599e-05
            ],
            [
              0.013264429725492249,
              0.22545890888313808,
              -0.002144355321023157
            ],
            [
              -7.675749815719599e-05,
              -0.002144355321023157,
              0.3545087023217914
            ]
          ],
          [
            [
              1.3070778191614958,
              0.1104429044786311,
              -0.041531279139997206
            ],
            [
              0.1104429044786311,
              1.5675093043138242,
              -0.1004462336251215
            ],
            [
              -0.041531279139997206,
              -0.1004462336251215,
              1.8752220349357345
            ]
          ]
        ],
        "fit_end_utc": "2023-04-01T16:00:00+00:00",
        "fit_start_utc": "2021-01-04T08:00:00+00:00",
        "initial_probabilities": [
          0.1721678891605542,
          0.7263651181744091,
          0.10146699266503667
        ],
        "last_train_probabilities": [
          0.0020782949591921338,
          0.9968876525559608,
          0.0010340524848472033
        ],
        "location": [
          0.0004672284793198444,
          0.12227147778250928,
          0.0004766689595659449
        ],
        "means": [
          [
            0.9563677392254949,
            1.0316926608410113,
            1.2107196608366697
          ],
          [
            -0.03134331808277912,
            -0.41943818306736896,
            -0.14576608245965034
          ],
          [
            -1.3993295498174887,
            1.2557929148939468,
            -1.0107385832192264
          ]
        ],
        "scale": [
          0.03077169414838027,
          0.06499923973055478,
          0.008622943212264929
        ],
        "state_inputs": [
          "sol_ret_1",
          "vol_20",
          "trend_12"
        ],
        "state_names": {
          "0": "trend",
          "1": "range",
          "2": "stress"
        },
        "training_rows": 4905,
        "transition_matrix": [
          [
            0.5926800472255017,
            0.2361275088547816,
            0.17119244391971664
          ],
          [
            0.055524397083567024,
            0.8970835670218732,
            0.04739203589455973
          ],
          [
            0.292,
            0.336,
            0.372
          ]
        ]
      }
    },
    {
      "horizon_candles": 1,
      "inner_fold": 1,
      "level": "inner",
      "outer_fold": 3,
      "parameter_sha256": "5df4667d744fd8fed1203dbe2317bf1deec131cbaed152ade8ec2d8efa4c6d26",
      "parameters": {
        "configuration": {
          "covariance_floor": 1e-05,
          "kmeans_n_init": 10,
          "minimum_training_rows": 120,
          "random_state": 42,
          "transition_smoothing": 1.0
        },
        "covariance_eigenvalues": [
          [
            0.5838297472803675,
            1.2438813344044664,
            1.490508656894015
          ],
          [
            0.1930632910204097,
            0.35471824553983033,
            0.4129183658749684
          ],
          [
            0.6892396188483068,
            0.9463241826163357,
            1.4243138370445179
          ]
        ],
        "covariances": [
          [
            [
              1.2564227863634685,
              0.09734344108490026,
              -0.10009503305292848
            ],
            [
              0.09734344108490026,
              0.6247920807065384,
              0.13560626624527786
            ],
            [
              -0.10009503305292848,
              0.13560626624527786,
              1.4370048715088422
            ]
          ],
          [
            [
              0.3598611386887215,
              -0.0021680961503245605,
              0.017718303154943542
            ],
            [
              -0.0021680961503245605,
              0.20326475237276662,
              0.04517230293459403
            ],
            [
              0.017718303154943542,
              0.04517230293459403,
              0.3975740113737206
            ]
          ],
          [
            [
              1.2819856276398987,
              0.05216820701673453,
              -0.2640913061169719
            ],
            [
              0.05216820701673453,
              0.8441819239257413,
              0.11483540611019553
            ],
            [
              -0.2640913061169719,
              0.11483540611019553,
              0.9337100869435198
            ]
          ]
        ],
        "fit_end_utc": "2021-07-25T00:00:00+00:00",
        "fit_start_utc": "2021-01-04T08:00:00+00:00",
        "initial_probabilities": [
          0.1441515650741351,
          0.6705107084019769,
          0.18533772652388797
        ],
        "last_train_probabilities": [
          0.0001733708822218507,
          0.9994020671010634,
          0.0004245620167145597
        ],
        "location": [
          0.002129473869915245,
          0.17364084208678832,
          0.0021779724553478703
        ],
        "means": [
          [
            -0.9882442579858873,
            1.3296630417956545,
            -0.7930155782887287
          ],
          [
            -0.0743591092188798,
            -0.5451590343662971,
            -0.15094274508074243
          ],
          [
            1.0375377530557743,
            0.9457719895864093,
            1.163844474878939
          ]
        ],
        "scale": [
          0.04176553598741732,
          0.07740263196879936,
          0.010559710637417685
        ],
        "state_inputs": [
          "sol_ret_1",
          "vol_20",
          "trend_12"
        ],
        "state_names": {
          "0": "stress",
          "1": "range",
          "2": "trend"
        },
        "training_rows": 1211,
        "transition_matrix": [
          [
            0.4632768361581921,
            0.1638418079096045,
            0.3728813559322034
          ],
          [
            0.0343558282208589,
            0.8871165644171779,
            0.0785276073619632
          ],
          [
            0.2907488986784141,
            0.28193832599118945,
            0.42731277533039647
          ]
        ]
      }
    },
    {
      "horizon_candles": 1,
      "inner_fold": 2,
      "level": "inner",
      "outer_fold": 3,
      "parameter_sha256": "4016708767fe262c18f69d0f3964e547d06721f0fc90452e97ec66f296b8ef65",
      "parameters": {
        "configuration": {
          "covariance_floor": 1e-05,
          "kmeans_n_init": 10,
          "minimum_training_rows": 120,
          "random_state": 42,
          "transition_smoothing": 1.0
        },
        "covariance_eigenvalues": [
          [
            0.19652583808932303,
            0.35508040474523805,
            0.36469535520619784
          ],
          [
            0.87881188254174,
            1.4035018144180962,
            1.6129207031204964
          ],
          [
            0.6738289173379891,
            1.1164708820209426,
            1.4357327601256926
          ]
        ],
        "covariances": [
          [
            [
              0.36376653266180586,
              0.005194219408378487,
              0.002813505840162762
            ],
            [
              0.005194219408378487,
              0.19696659520414084,
              -0.006578093394625278
            ],
            [
              0.002813505840162762,
              -0.006578093394625278,
              0.3555684701748121
            ]
          ],
          [
            [
              1.351407761558951,
              0.14320324116331018,
              -0.07472362204348866
            ],
            [
              0.14320324116331018,
              1.0102567437552004,
              0.21529170693087551
            ],
            [
              -0.07472362204348866,
              0.21529170693087551,
              1.5335698947661809
            ]
          ],
